24 168
199 214
162 82
118 131
214 71
370 223
8 171
239 14
278 147
321 3
439 232
356 225
186 209
291 213
10 70
428 231
316 197
144 225
220 134
303 177
249 86
65 228
270 172
97 83
418 184
268 32
348 70
280 169
180 44
260 98
445 152
94 171
173 134
81 99
41 71
138 47
434 208
310 76
178 129
375 175
332 159
244 101
142 149
264 221
385 94
420 224
125 46
8 97
277 150
326 89
422 51
237 94
160 120
58 154
326 14
127 33
281 98
153 135
372 11
356 157
345 151
400 13
117 24
418 51
155 226
441 142
2 170
48 157
28 37
166 181
205 51
134 165
165 185
308 63
360 230
57 84
217 39
331 4
231 39
18 39
443 67
206 36
145 66
164 0
240 87
114 221
269 224
224 112
331 57
271 29
292 80
433 198
108 92
354 23
33 30
396 139
167 133
85 0
290 115
171 209
415 62
147 7
157 157
259 116
405 34
216 26
129 30
183 4
282 189
367 68
285 163
395 9
6 123
434 45
160 81
409 160
159 223
17 104
29 121
176 183
86 53
365 50
288 36
325 199
310 63
291 107
432 105
239 191
34 28
301 74
429 113
228 192
76 6
445 13
162 162
7 151
384 148
181 10
181 33
2 43
392 99
225 222
2 111
75 33
250 226
387 99
412 190
256 102
32 148
97 186
440 23
1 163
333 35
440 50
31 72
366 86
89 168
380 69
372 103
396 106
94 61
354 45
7 170
333 133
142 182
204 110
94 12
419 74
15 228
88 170
432 30
309 33
398 128
204 152
193 0
19 197
36 105
239 198
416 148
291 219
103 185
252 97
403 85
221 69
41 67
160 84
377 79
274 217
102 177
13 205
73 213
339 40
399 143
18 42
109 137
65 213
335 12
319 88
40 5
211 30
441 209
69 69
316 86
271 140
303 184
415 130
223 75
417 56
310 153
288 167
240 85
118 123
69 11
111 115
139 211
327 66
50 91
297 66
255 210
116 5
130 66
248 41
439 218
341 62
392 95
449 200
406 190
414 50
261 53
242 16
341 73
395 186
224 46
369 177
111 54
298 187
92 64
410 50
253 46
301 27
289 64
194 10
130 212
177 101
177 101
88 137
141 62
338 1
180 169
284 50
93 142
129 53
445 160
291 129
240 48
218 212
294 214
204 151
292 38
278 73
134 166
56 110
406 65
18 27
414 140
368 99
440 211
237 213
401 202
214 110
221 47
211 132
217 109
226 30
179 100
106 85
326 51
322 111
447 213
330 43
276 169
83 223
193 185
246 99
268 142
364 78
352 63
121 175
158 143
49 186
279 96
248 220
43 197
153 117
317 50
26 157
249 110
264 167
329 120
424 86
54 165
365 54
83 148
398 65
140 59
312 72
317 30
137 204
33 176
137 214
61 114
410 28
232 33
223 118
160 144
76 197
368 12
238 22
188 29
60 113
202 167
335 63
64 140
292 192
399 33
147 79
35 153
436 90
385 44
432 153
53 82
221 87
92 222
40 94
330 53
244 11
214 96
289 112
205 220
244 18
411 134
40 10
55 154
77 198
98 78
52 161
384 200
344 94
168 56
330 219
328 78
0 184
83 173
233 38
365 165
231 150
43 190
271 33
355 198
198 19
188 66
216 11
344 203
2 170
170 31
156 141
52 168
34 61
267 3
440 213
214 96
174 84
59 115
288 152
78 135
37 83
98 84
232 195
32 206
262 112
345 80
414 9
238 42
165 230
311 212
413 70
247 40
182 46
251 116
166 83
369 156
354 87
202 208
400 31
221 112
251 222
67 110
160 12
420 156
11 21
144 20
113 226
221 116
443 158
299 79
40 141
196 215
393 80
41 74
192 163
445 113
158 115
119 50
24 213
46 116
220 79
428 132
386 228
88 189
119 210
75 121
301 203
407 208
217 23
93 228
444 181
428 211
295 212
108 2
325 227
119 108
251 38
437 204
41 51
38 15
400 114
310 98
192 222
37 141
113 73
218 17
159 66
256 78
267 19
265 25
311 37
312 92
207 56
289 163
226 49
358 49
132 118
413 183
159 59
285 229
4 140
429 37
140 81
440 156
420 25
296 57
226 101
129 92
75 213
91 29
100 167
418 109
52 211
366 6
40 73
6 113
403 232
224 14
40 1
28 223
280 130
321 29
220 28
434 159
210 71
230 164
157 90
429 22
271 193
342 163
72 33
31 35
219 206
294 179
400 3
322 29
203 85
36 7
104 81
87 2
374 212
333 227
197 44
425 231
332 132
216 185
331 188
376 117
38 61
289 212
255 109
135 154
250 15
386 126
20 23
11 91
295 118
372 121
73 22
120 65
403 36
67 187
279 129
424 23
361 216
368 52
99 229
231 113
44 114
75 40
22 97
286 106
9 146
388 142
396 10
288 10
131 68
259 182
428 17
370 158
155 99
434 59
107 127
299 80
298 170
434 178
39 129
361 187
191 152
145 43
371 62
314 161
240 196
196 131
354 86
421 172
263 98
243 197
142 61
56 28
79 61
292 20
146 93
150 115
161 110
327 217
181 185
445 190
431 12
284 229
284 67
136 149
106 198
449 101
261 10
328 218
375 224
217 72
208 167
408 138
110 173
90 102
22 177
127 23
309 150
62 135
3 105
237 85
433 189
248 125
243 106
130 81
384 184
74 122
245 47
252 17
311 209
368 57
398 188
5 212
429 110
138 175
307 88
421 53
159 101
199 158
35 211
405 185
327 112
264 213
220 63
369 225
270 7
103 223
26 66
296 95
146 104
427 168
368 201
378 187
199 21
18 197
105 70
289 210
379 106
229 185
406 24
156 206
47 100
335 18
34 7
304 104
245 31
214 127
164 98
368 33
222 182
110 84
318 66
51 208
229 148
199 229
279 93
301 21
294 18
65 130
304 62
438 166
234 188
208 47
224 94
350 154
206 143
429 59
31 183
97 111
16 160
404 151
117 148
179 128
44 60
298 117
44 107
344 67
391 155
128 6
81 87
418 45
119 65
428 61
319 162
81 232
217 150
148 184
27 128
176 196
430 227
388 148
213 53
272 219
137 215
321 42
289 165
159 33
10 158
267 150
60 203
27 113
66 92
227 93
330 158
146 33
148 20
123 69
329 195
158 74
108 227
102 227
57 145
260 44
337 32
428 217
362 168
216 158
269 108
215 38
114 204
327 181
62 138
397 128
364 39
126 209
367 130
290 215
257 232
165 188
143 77
129 59
157 64
250 207
119 52
359 16
273 220
420 32
136 73
155 76
133 218
106 51
217 45
265 10
249 177
369 120
41 109
118 141
281 108
322 43
119 42
274 68
181 26
319 81
152 102
305 189
214 193
355 19
426 119
301 46
225 47
53 189
13 212
296 47
226 202
97 175
346 115
49 21
33 71
300 217
101 58
162 79
112 72
284 80
229 151
97 220
327 88
199 135
125 42
411 41
85 130
411 185
21 119
333 106
251 9
185 203
429 166
1 178
68 155
342 58
377 188
66 176
33 158
28 208
351 136
377 58
199 231
248 78
384 118
290 211
238 147
387 51
35 26
55 33
102 170
65 20
64 26
292 72
373 82
284 182
431 183
61 61
432 138
255 46
342 89
435 165
102 77
0 213
107 61
331 57
211 20
77 97
414 3
8 93
8 108
267 58
167 195
409 66
173 197
346 156
182 159
213 69
17 29
349 30
389 93
72 229
388 2
117 13
7 100
406 24
191 56
27 217
9 60
369 226
237 217
321 63
229 78
325 42
262 212
230 200
88 34
442 26
440 54
435 14
396 53
107 139
265 37
32 34
266 176
352 116
413 71
219 82
181 6
269 136
406 40
25 191
17 56
277 174
389 75
78 38
187 150
139 101
58 183
183 80
156 43
22 60
148 174
183 91
437 187
404 27
62 39
194 21
368 181
222 211
133 159
59 101
395 140
264 150
322 75
106 32
151 55
16 86
380 50
152 140
107 211
350 224
15 148
1 101
392 157
74 187
169 132
338 162
76 146
378 77
199 157
365 146
442 57
30 213
144 131
159 144
84 204
219 15
189 19
430 79
73 183
237 188
113 169
425 157
108 71
129 159
271 219
391 8
228 130
385 102
255 32
138 28
61 83
401 89
20 211
18 62
315 120
93 190
229 135
132 203
349 118
194 30
204 160
75 203
242 152
85 149
261 146
36 66
314 11
354 92
312 134
120 78
85 193
207 108
309 60
139 204
153 112
83 129
185 3
142 143
330 129
288 232
442 5
405 92
209 74
108 108
56 24
382 1
419 48
101 46
179 205
226 15
232 191
360 77
150 197
201 9
171 163
118 117
125 77
60 101
176 99
227 104
159 41
389 98
81 199
86 50
152 71
282 212
269 14
449 108
85 42
316 147
202 146
287 45
165 208
222 205
346 55
276 21
190 196
388 52
327 24
12 159
74 140
21 157
439 72
242 46
229 200
312 196
252 143
76 15
69 172
261 175
78 149
86 230
158 184
95 78
389 9
400 33
74 111
352 73
83 211
44 40
408 84
447 229
412 166
